1 -156.666666666666657 -166.666666666666657
2 676.666666666666629 833.333333333333258
3 -1307.460317460317128 -1984.126984126983643
4 1448.271604938271594 2755.731922398588722
5 -1056.939233605899972 -2505.210838544171565
6 548.965150076261125 1605.904383682161097
7 -215.751223105720328 -764.716373181981453
8 65.394502328831663 281.145725434551991
9 -16.811850137411597 -82.206352466243260
10 2.761090925979655 19.572941063391252
11 -1.107079244651027 -3.868170170630682
12 -0.462384216212580 0.644695028438447
13 -0.554221114850535 -0.091836898637955
14 -0.542911151964088 0.011309962886448
15 -0.544127277005641 -0.001216125041554
16 -0.544012113649434 0.000115163356208
17 -0.544021791242392 -0.000009677592959
18 -0.544021064696374 0.000000726546018
19 -0.544021113721072 -0.000000049024698
20 -0.544021110731761 0.000000002989311
21 -0.544021110897282 -0.000000000165521
22 -0.544021110888922 0.000000000008360
23 -0.544021110889309 -0.000000000000387
24 -0.544021110889293 0.000000000000016
25 -0.544021110889293 -0.000000000000001
26 -0.544021110889293 0.000000000000000
27 -0.544021110889293 -0.000000000000000
28 -0.544021110889293 0.000000000000000
29 -0.544021110889293 -0.000000000000000
30 -0.544021110889293 0.000000000000000
