#x		f(x)		Analytical'	Numerical'	Analytical''	Numerical''
#-------------------------------------------------------------------------------------------
0.000000	1.000000	-0.000000	-2.000000	-0.010000		
0.010000	0.999900	-0.019999	-1.999600	-0.029995	-1.999533
0.020000	0.999600	-0.039989	-1.998400	-0.049978	-1.998334
0.030000	0.999100	-0.059964	-1.996401	-0.069942	-1.996335
0.040000	0.998401	-0.079915	-1.993603	-0.089877	-1.993537
0.050000	0.997502	-0.099833	-1.990008	-0.109776	-1.989942
0.060000	0.996404	-0.119712	-1.985617	-0.129632	-1.985551
0.070000	0.995108	-0.139543	-1.980432	-0.149436	-1.980366
0.080000	0.993614	-0.159318	-1.974455	-0.169180	-1.974389
0.090000	0.991922	-0.179030	-1.967687	-0.188856	-1.967622
0.100000	0.990033	-0.198669	-1.960133	-0.208456	-1.960068
0.110000	0.987949	-0.218230	-1.951795	-0.227974	-1.951730
0.120000	0.985669	-0.237703	-1.942676	-0.247400	-1.942611
0.130000	0.983195	-0.257081	-1.932780	-0.266727	-1.932716
0.140000	0.980528	-0.276356	-1.922111	-0.285947	-1.922047
0.150000	0.977668	-0.295520	-1.910673	-0.305054	-1.910609
0.160000	0.974618	-0.314567	-1.898471	-0.324038	-1.898408
0.170000	0.971377	-0.333487	-1.885509	-0.342892	-1.885446
0.180000	0.967948	-0.352274	-1.871794	-0.361609	-1.871731
0.190000	0.964332	-0.370920	-1.857329	-0.380182	-1.857267
0.200000	0.960530	-0.389418	-1.842122	-0.398603	-1.842061
0.210000	0.956544	-0.407760	-1.826178	-0.416864	-1.826117
0.220000	0.952376	-0.425939	-1.809503	-0.434958	-1.809443
0.230000	0.948026	-0.443948	-1.792105	-0.452879	-1.792045
0.240000	0.943497	-0.461779	-1.773990	-0.470618	-1.773931
0.250000	0.938791	-0.479426	-1.755165	-0.488169	-1.755107
0.260000	0.933910	-0.496880	-1.735638	-0.505525	-1.735581
0.270000	0.928854	-0.514136	-1.715417	-0.522679	-1.715360
0.280000	0.923628	-0.531186	-1.694510	-0.539623	-1.694454
0.290000	0.918231	-0.548024	-1.672925	-0.556352	-1.672870
0.300000	0.912668	-0.564642	-1.650671	-0.572858	-1.650616
0.310000	0.906939	-0.581035	-1.627757	-0.589135	-1.627703
0.320000	0.901048	-0.597195	-1.604192	-0.605176	-1.604138
0.330000	0.894996	-0.613117	-1.579984	-0.620976	-1.579932
0.340000	0.888786	-0.628793	-1.555145	-0.636527	-1.555094
0.350000	0.882421	-0.644218	-1.529684	-0.651823	-1.529633
0.360000	0.875903	-0.659385	-1.503611	-0.666859	-1.503561
0.370000	0.869234	-0.674288	-1.476937	-0.681627	-1.476888
0.380000	0.862418	-0.688921	-1.449672	-0.696124	-1.449624
0.390000	0.855457	-0.703279	-1.421827	-0.710341	-1.421780
0.400000	0.848353	-0.717356	-1.393413	-0.724275	-1.393367
0.410000	0.841111	-0.731146	-1.364442	-0.737919	-1.364397
0.420000	0.833731	-0.744643	-1.334926	-0.751268	-1.334881
0.430000	0.826219	-0.757843	-1.304875	-0.764316	-1.304831
0.440000	0.818576	-0.770739	-1.274302	-0.777059	-1.274260
0.450000	0.810805	-0.783327	-1.243220	-0.789491	-1.243178
0.460000	0.802910	-0.795602	-1.211640	-0.801607	-1.211600
0.470000	0.794894	-0.807558	-1.179576	-0.813402	-1.179537
0.480000	0.786760	-0.819192	-1.147040	-0.824872	-1.147002
0.490000	0.778511	-0.830497	-1.114045	-0.836012	-1.114008
0.500000	0.770151	-0.841471	-1.080605	-0.846818	-1.080569
0.510000	0.761683	-0.852108	-1.046732	-0.857285	-1.046697
0.520000	0.753110	-0.862404	-1.012441	-0.867409	-1.012407
0.530000	0.744436	-0.872355	-0.977744	-0.877186	-0.977712
0.540000	0.735664	-0.881958	-0.942657	-0.886612	-0.942625
0.550000	0.726798	-0.891207	-0.907192	-0.895684	-0.907162
0.560000	0.717841	-0.900100	-0.871365	-0.904397	-0.871336
0.570000	0.708797	-0.908633	-0.835189	-0.912749	-0.835161
0.580000	0.699670	-0.916803	-0.798679	-0.920735	-0.798652
0.590000	0.690462	-0.924606	-0.761850	-0.928353	-0.761824
0.600000	0.681179	-0.932039	-0.724716	-0.935600	-0.724691
0.610000	0.671823	-0.939099	-0.687291	-0.942473	-0.687269
0.620000	0.662398	-0.945784	-0.649593	-0.948969	-0.649571
0.630000	0.652908	-0.952090	-0.611634	-0.955085	-0.611613
0.640000	0.643358	-0.958016	-0.573430	-0.960819	-0.573411
0.650000	0.633749	-0.963558	-0.534998	-0.966169	-0.534980
0.660000	0.624088	-0.968715	-0.496351	-0.971132	-0.496334
0.670000	0.614376	-0.973485	-0.457506	-0.975707	-0.457490
0.680000	0.604619	-0.977865	-0.418477	-0.979892	-0.418463
0.690000	0.594820	-0.981854	-0.379282	-0.983684	-0.379269
0.700000	0.584984	-0.985450	-0.339934	-0.987084	-0.339923
0.710000	0.575113	-0.988652	-0.300451	-0.990088	-0.300441
0.720000	0.565212	-0.991458	-0.260847	-0.992696	-0.260839
0.730000	0.555285	-0.993868	-0.221140	-0.994908	-0.221132
0.740000	0.545336	-0.995881	-0.181343	-0.996721	-0.181337
0.750000	0.535369	-0.997495	-0.141474	-0.998136	-0.141470
0.760000	0.525387	-0.998710	-0.101549	-0.999151	-0.101546
0.770000	0.515396	-0.999526	-0.061583	-0.999767	-0.061581
0.780000	0.505398	-0.999942	-0.021592	-0.999983	-0.021592
0.790000	0.495398	-0.999958	0.018407	-0.999799	0.018406
0.800000	0.485400	-0.999574	0.058399	-0.999215	0.058397
0.810000	0.475408	-0.998790	0.098368	-0.998231	0.098364
0.820000	0.465426	-0.997606	0.138297	-0.996848	0.138292
0.830000	0.455457	-0.996024	0.178171	-0.995067	0.178165
0.840000	0.445507	-0.994043	0.217974	-0.992887	0.217966
0.850000	0.435578	-0.991665	0.257689	-0.990310	0.257680
0.860000	0.425675	-0.988890	0.297301	-0.987337	0.297291
0.870000	0.415801	-0.985719	0.336795	-0.983970	0.336784
0.880000	0.405962	-0.982154	0.376154	-0.980208	0.376141
0.890000	0.396159	-0.978197	0.415362	-0.976055	0.415348
0.900000	0.386399	-0.973848	0.454404	-0.971511	0.454389
0.910000	0.376684	-0.969109	0.493265	-0.966578	0.493248
0.920000	0.367018	-0.963983	0.531928	-0.961259	0.531910
0.930000	0.357405	-0.958471	0.570378	-0.955556	0.570359
0.940000	0.347850	-0.952576	0.608600	-0.949470	0.608580
0.950000	0.338355	-0.946300	0.646579	-0.943004	0.646558
0.960000	0.328925	-0.939645	0.684299	-0.936161	0.684276
0.970000	0.319564	-0.932615	0.721746	-0.928944	0.721722
0.980000	0.310274	-0.925212	0.758904	-0.921355	0.758878
0.990000	0.301061	-0.917438	0.795758	-0.913398	0.795731
